dimwishlist:item=1216319404&perks=1840239774,3142289711,3038247973,47981717,186337601
dimwishlist:item=507038823&perks=1467527085,1561002382,1359896290,2846385770,2697220197
dimwishlist:item=6857689&perks=1926090092,3142289711,3436462433,47981717,2697220197
dimwishlist:item=6857689&perks=1926090092,3142289711,3436462433,1954620775,2697220197
dimwishlist:item=6857689&perks=1926090092,3142289711,2946784966,1954620775,2697220197
dimwishlist:item=6857689&perks=1926090092,3142289711,2946784966,47981717,2697220197
dimwishlist:item=602618796&perks=839105230,1561002382,1570042021,2458213969,2697220197
dimwishlist:item=602618796&perks=839105230,3142289711,3436462433,3425386926,2697220197
dimwishlist:item=1107446438&perks=839105230,3177308360,2946784966,1015611457,186337601
dimwishlist:item=1107446438&perks=839105230,3230963543,247725512,2458213969,186337601
dimwishlist:item=1476654960&perks=1926090092,3142289711,588594999,47981717,2697220197
dimwishlist:item=1476654960&perks=1926090094,3142289711,2946784966,1954620775,186337601
dimwishlist:item=2481758391&perks=839105230,1561002382,3436462433,3425386926,2697220197
dimwishlist:item=2481758391&perks=839105230,1561002382,3436462433,3511092054,2697220197
dimwishlist:item=3593598010&perks=13792278,1561002382,588594999,4152709778,384158423
dimwishlist:item=3593598010&perks=13792278,1561002382,706527188,4152709778,384158423
dimwishlist:item=3593598010&perks=13792278,1561002382,588594999,3425386926,384158423
dimwishlist:item=1621558458&perks=839105230,1561002382,588594999,2458213969,384158423
dimwishlist:item=310708513&perks=1467527085,1885400500,3436462433,1015611457,2697220197
dimwishlist:item=3281285075&perks=1482024992,3142289711,3436462433,3425386926,2697220197
dimwishlist:item=1200824700&perks=1467527085,3142289711,2039302152,3425386926,2697220197
dimwishlist:item=1622998472&perks=1482024992,3142289711,2450788523,3673922083,2697220197
dimwishlist:item=1622998472&perks=1482024992,3142289711,2946784966,3673922083,2697220197
dimwishlist:item=1622998472&perks=1482024992,3142289711,2946784966,3673922083,2697220197
dimwishlist:item=1622998472&perks=1482024992,3142289711,1195158366,2458213969,2697220197
dimwishlist:item=1622998472&perks=1482024992,3142289711,2946784966,2458213969,2697220197
dimwishlist:item=1622998472&perks=1482024992,3142289711,2450788523,2458213969,2697220197
dimwishlist:item=686951703&perks=839105230,1885400500,957782887,247725512,186337601
dimwishlist:item=686951703&perks=839105230,1087426260,2010801679,3400784728,384158423
dimwishlist:item=893527433&perks=1840239774,1087426260,588594999,47981717,186337601
dimwishlist:item=1253087083&perks=1840239774,3177308360,588594999,706527188,186337601
dimwishlist:item=1253087083&perks=1840239774,106909392,3400784728,2551157718,186337601
dimwishlist:item=1645386487&perks=1840239774,1087426260,3436462433,957782887,186337601
dimwishlist:item=1645386487&perks=839105230,3177308360,3300816228,1771339417,384158423
dimwishlist:item=1987769101&perks=3661387068,106909392,3418782618,4104185692,384158423
dimwishlist:item=1987769101&perks=1840239774,106909392,588594999,47981717,186337601
dimwishlist:item=2164448701&perks=839105230,3177308360,3436462433,47981717,186337601
dimwishlist:item=2990047042&perks=1840239774,2420895100,588594999,957782887,186337601
dimwishlist:item=2990047042&perks=1840239774,2420895100,1523832109,1546637391,758092021
dimwishlist:item=3164743584&perks=1840239774,106909392,588594999,957782887,186337601
dimwishlist:item=3164743584&perks=1840239774,106909392,3436462433,47981717,186337601
dimwishlist:item=3326850591&perks=1840239774,1885400500,2450788523,957782887,186337601
dimwishlist:item=3454326177&perks=1840239774,3177308360,3513791699,957782887,186337601
dimwishlist:item=3653573172&perks=1840239774,3177308360,588594999,47981717,186337601
dimwishlist:item=3653573172&perks=839105230,106909392,3418782618,4104185692,384158423
dimwishlist:item=108221785&perks=1047830412,3142289711,706527188,591790007,186337601
dimwishlist:item=108221785&perks=466087222,3142289711,1866048759,591790007,186337601
dimwishlist:item=108221785&perks=1047830412,3142289711,3436462433,591790007,2697220197
dimwishlist:item=217140611&perks=1332244541,3142289711,3436462433,3511092054,2697220197
dimwishlist:item=346136302&perks=1047830412,3142289711,706527188,957782887,2697220197
